2
3
4
5
6
7
8
9
10
11
12
13
14
15
16
17
18
19
20
21
22
23
24
25
26
27
28
30
31
32
33
34
35
37
38
40
42
43
45
47
49
51
53
54
56
57
58
60
63
65
66
68
71
74
75
77
80
81
83
88
90
92
94
99
102
107
110
112
115
121
124
127
130
134
137
141
147
151
154
159
166
171
179
184
187
193
202
207
211
217
227
233
244
251
255
263
275
282
287
295
304
309
317
332
341
347
356
373
383
400
411
418
429
449
461
469
481
494
503
516
539
554
563
578
604
620
630
647
664
675
693
724
743
755
775
809
830
866
889
903
927
966
992
1008
1034
1061
1078
1106
1153
1183
1202
1233
1285
1318
1374
1409
1431
1468
1529
1568
1593
1633
1675
1701
1744
1817
1863
1892
1939
2019
2070
2102
2155
2209
2243
2299
2393
2452
2490
2552
2655
2721
2831
2900
2944
3017
3138
3215
3264
3344
3425
3477
3562
3703
3793
3850
3943
4099
4198
4364
4469
4535
4644
4826
4941
5014
5134
5334
5461
5672
5807
5892
6031
6264
6412
6505
6658
6815
6913
7075
7346
7517
7625
7803
8100
8288
8602
8801
8926
9133
9477
9695
9832
10058
10289
10435
10674
11072
11325
11484
11745
12181
12457
12631
12918
13210
13394
13696
14199
14519
14720
15051
15600
15950
16530
16899
17131
17512
18146
18549
18802
19218
19643
19910
20349
21079
21543
21834
22313
23109
23614
24454
24987
25322
25873
26788
27368
27733
28333
28945
29329
29962
31012
31678
32097
32785
33928
34653
35108
35857
36621
37100
37889
39198
40029
40550
41407
42830
43733
45231
46181
46777
47758
49385
50416
51064
52129
53214
53895
55015
56873
58051
58790
60005
62021
63299
65418
66762
67605
68990
71288
72744
73657
75159
77649
79226
81842
83500
84540
86248
89081
90875
92001
93851
95735
96917
98859
102079
104118
105397
107498
110981
113186
116841
119155
120607
122991
126942
129443
131012
133588
136211
137857
140559
145036
147870
149647
152565
157400
160460
162378
165528
168736
170747
174049
179518
182979
185148
188710
194610
198342
204523
208433
210885
214908
221571
225785
228427
232764
237177
239943
244484
252001
256755
259735
264625
272720
277839
286311
291668
295026
300535
309653
315417
319030
324957
334767
340968
351228
357713
361777
368444
379476
386448
390816
397983
405272
409839
417331
429725
437556
442463
450511
463823
472234
486145
494933
500439
509468
524402
533834
539743
549434
559287
565459
575580
592316
602885
609505
620361
638310
649644
656743
668382
680214
687625
699775
719859
732540
740482
753502
775022
788608
811063
825238
834114
848664
872710
887888
897392
912970
928801
938712
954959
981803
998745
1009351
1026736
1055457
1073582
1103524
1122417
1134244
1153627
1185645
1205847
1218492
1239214
1260265
1273442
1295035
1330697
1353194
1367274
1390347
1428450
1452483
1467525
1492171
1517202
1532868
1558535
1600915
1627643
1644369
1671772
1717014
1745543
1792643
1822341
1840924
1871367
1921621
1953305
1973130
2005604
2038577
2059206
2092999
2148772
2183931
2205928
2241957
2301417
2338896
2400746
2439729
2464116
2504056
2569961
2611496
2637477
2680027
2750231
2794471
2867460
2913453
2942220
2989328
3067040
3116005
3146629
3196775
3247664
3279491
3331603
3417559
3471709
3505575
3561021
3652467
3710072
3805071
3864911
3902330
3963591
4064610
4128236
4168021
4233151
4299226
4340541
4408173
4519683
4589906
4633813
4705682
4824169
4898779
4945426
5021777
5099222
5147640
5226888
5357521
5439766
5491182
5575333
5714034
5801353
5945269
6035865
6092496
6185174
6337910
6434051
6494145
6592484
6692206
6754536
6856531
7024599
7130376
7196487
7304665
7482904
7595072
7779878
7896173
7968852
8087766
8283669
8406938
8483971
8610003
142619739
144736360
148222445
154027077
157718371
160040234
163863786
170228810
174275511
176820556
181011024
185292650
187985203
192418149
199794819
204482925
207430676
212283078
220355877
225485218
234017544
239438101
242845618
248453578
257779939
263703609
267426881
273553647
279809070
283740528
290209322
300963410
307791457
312082218
319141244
330873988
338321783
350699030
358554897
363490471
371608562
385096842
393656051
399032802
407875376
422564259
431883358
447361803
457180553
463347228
473486774
490324406
501003138
507709067
518733867
529977589
537037760
548644039
567910890
580126233
587795543
600401605
621323886
634586114
656594699
670543793
679299871
693689372
717563905
732692648
742188054
757790643
773692741
783672789
800070506
827268358
844497581
855309229
873071179
902526105
921181553
932886796
952114517
971703786
983994059
1004181320
1037647861
1058837604
1072130467
1093961982
1130147587
1153054668
1191018653
1215048784
1230120700
1254869457
1295878100
1321830663
1338106511
1364829159
1392037963
1409100467
1437112759
1483515436
1512873078
1531281068
1561498954
1611546267
1643204138
1695630627
1728789857
1749577864
1783696669
1840188615
1875912968
1898306676
1935056919
1995895270
2034361557
2098033960
2138287876
2163516595
2204912254
2273421879
2316726556
2343864467
2388388099
2433680384
2462062058
2508623276
2585660887
2634342895
2664845547
2714881167
2797653591
2849950946
2936456092
2991106338
3025342890
3081494275
3174359228
3233017822
3269761796
3330019583
3391285128
3429659756
3492587860
3596633288
3662337091
3703487649
3770961195
3882504373
3952931843
3997036566
4069346955
4142843428
4188867353
4264319810
4389021679
4467737646
4517025339
4597820760
4731332463
4815596573
4954827009
5042692168
5097700206
5187859022
5336806753
5430790113
5489622986
5586041792
5683993786
5745307503
5845786340
6011743196
6116433831
6181959658
6289331349
6466646694
6578486212
6763163101
6879635358
6952524666
7071944861
7269110871
7393441856
7471242302
7598697465
7728118236
7809099217
7941757603
8160729518
8298779322
8385152094
8526630633
8760128522
8907315500
8999397101
9150213645
9303312969
9399088310
9555946354
9814768419
9977882114
10079913524
10247003350
10522670374
10696376290
10982934484
11163488125
11276413275
11461317899
11766309078
11958451085
12078614081
12275353710
12474983385
12599822721
12804208412
13141259889
13353554061
13486302372
13703618834
14061947199
14287613221
14659678959
14893977623
15040466341
15280245399
15675528722
15924415993
16080013469
16334681905
16754456992
17018731620
17454306531
17728506695
17899907346
18180405462
18642661424
18933621145
19115484003
19413080546
19714845481
19903453129
20212072063
20720568118
21040568786
21240558807
21567777808
22106853963
22446057448
23004835273
23356409297
23576104902
23935521990
24527526489
24899961366
25132675460
25513362245
25899229277
26140325409
26534706052
27184174253
27592681449
27847904876
28265364185
28952757341
29385068114
29655143774
30096864352
30544490337
30824121391
31281449940
32034350280
32507770628
32803494294
33287107392
34083188410
34583703301
35407548426
35925482919
36248975663
36777940837
37648516374
38195767658
38537547399
39096376070
39662467164
40015998031
40594015812
41545150389
42142934148
42516231930
43126526575
44130662141
44761687435
45799861397
46452233349
46859575247
47525454914
48620852726
49309108744
49738828012
50441240973
51596612942
52322473865
53516335564
54266328292
54734543512
55499799780
56758323487
57548853890
58042344352
58848858247
59665391464
60175093880
61008069783
62377731335
63237926792
63774849926
64652254731
66094821265
67000710255
68490013834
69425193190
70008860465
70962553725
72530288723
73514617648
74128921848
75132612016
76148433879
76782367977
77818090976
79520393431
80589039380
81255897752
82345345321
84135770537
85259625507
85960892643
87106483861
88265691601
88988991164
90170530302
92111991944
93330459856
94090689622
95332480977
97372748453
98653103364
100756605413
102076564369
102900037397
104245003490
106454443900
107840747582
108705559740
110117961374
111546705596
112437961103
113893497222
116284210045
117784023653
118719558261
120247319395
122756426762
124330368627
126915172187
128536505009
129547745595
131198984288
133910478385
135611122500
136671770242
138403587090
140154917136
141247138441
143030446423
145958379287
147794503914
148939543675
150808985924
153878062269
155802526303
157002589706
158961757662
160942644417
162177850161
164194321472
167504299541
169579523404
170873483639
172985756446
176452684686
178626119637
182193242230
184429369329
185823535664
188099187487
191833748177
194174635265
195634038941
198016048677
200423785295
201924816597
204374690057
208394607034
210914012322
212484577614
215047804783
219253363504
221888893711
226212857033
228922448419
230611431389
233367689578
237889346301
240722585531
242488551849
245370291584
250097409634
253059145160
257917238732
260960881734
262857837520
265953074394
271029733410
274210051028
276192090016
279425993738
282693403689
284729657668
288051916510
293500213552
296912902808
299039589757
302509223217
308198750729
311762257762
317605433155
321264995374
323545345628
327265382188
333364742375
337184452602
339564479237
343446934449
347368610368
349812098295
353797957344
360332335102
364423960337
366973217268
371131410065
377947784616
382215659996
384874602391
389211502211
393591539745
396320281334
400770898685
408065734325
412632623388
415477639677
420117686158
427722434397
432482985060
440284871079
445168604386
448210776463
453172001261
461302159769
466391004381
469560799436
474729917850
479949189500
483200135192
488501440754
497187869183
502624250978
506010276179
511531606651
520577897484
526239088150
535514115181
541318191332
544932972455
550826892553
560482519167
566524332902
570287011124
576421807772
582614681364
586471331144
592759171982
603058949572
609503090317
613516043585
620058435353
630774426280
637478505245
641653149363
648458855063
655328025696
659605359381
666578289841
677998189173
685141843268
689589904364
696840846752
708715242734
716142695979
728305638698
735913258486
740649889001
748370712367
761013209818
768920244777
773843090861
781867115702
789964179845
795005207248
803221652226
816674245693
825087031042
830324402919
838860521492
852835580427
861574519258
875881045284
884826894933
890395758524
899471560335
914328590646
923618063035
929400601516
938824258339
954249721472
963893985931
979679928208
989549177743
995692221229
1005702738328
1022087118604
1032329851795
1038705115900
1049093642896
1059573154032
1066095634986
1076723795200
1094117293467
1104989765479
1111756562892
1122782399098
1140825578437
1152103451955
1170558363772
1182093146571
1189271704391
1200967734690
1220105722379
1232066704942
1239510219909
1251637482565
1263868488406
1271479864900
1283880323606
1304168936181
1316847787824
1324737562277
1337591103050
1358619732116
1371760242037
1379936990749
1393257554829
1406690439132
1415048927383
1428665246969
1450939626148
1464857238156
1473517024081
1487623649471
1510698724623
1525115776487
1548697772209
1563431005307
1572597743234
1587529301416
1611951438725
1627208669478
1636701085464
1652162576691
1667751458575
1677449998691
1693246879483
1719081907883
1735220298127
1745260353330
1761612906547
1788355167919
1805059320615
1832375605122
1849437710774
1860051822797
1877338371878
1905605438705
1923260413674
1934242957460
1952128922837
1981374505818
1999639611644
2029504095581
2048155086309
2059756566162
2078649460371
2109538689622
2128828582393
2140827066929
2160365809262
2180059694827
2192309208301
2212256314575
2244866227956
2265228849918
2277893885355
2298516928975
2332230032984
2353280373216
2387690835158
2409175883742
2422538314575
2444295777593
2479860233031
2502064611155
2515873963621
2538358382966
2561017354313
2575109139894
2598052949461
2635553343428
2658964389178
2673523417626
2697227199963
2735967674523
2760151610818
2775190800004
2799675542337
2824347755373
2839690280647
2864668373541
2905488062118
2930967802694
2946811982590
2972605954566
3014756778313
3041066054276
3084057581716
3110890746178
3127575671145
3154736957379
3199118461231
3226817762603
3244040709908
3272076954932
3300323149940
3317885805703
3346474488536
3393184513536
3422334697682
3440458862120
3469960655322
3518160151574
3548238356449
3597378063524
3628042048321
3647106467438
3678137219783
3728830611202
3760462552328
3780128167850
3812136496259
3844379305861
3864424322304
3897049561876
3950343537929
3983595564208
4004267375145
4037911768022
4092867868862
4127155286947
4148470130983
4183160051526
4218100692727
4239821213773
4275170722484
4332907511528
4368927008938
4391317526739
4427756355371
4487269494317
4524395408490
4585028935127
4622852668736
4646363622170
4684624055163
4747107505120
4786083399312
4810309822268
4849733424482
4889435853970
4914113431531
4954270479024
5019846332711
5060748113265
5086170432378
5127538185323
5195087965924
5237218998883
5306013183465
5348919135533
5375585909127
5418976666396
5489824555662
5534009353005
5561470175436
5606151706383
5679103830298
5724598882628
5798877173672
5845197969534
5873985011186
5920822316860
5997288616623
6044971739241
6074604606873
6122816759810
6171358290925
6201524106460
6250602521301
6330721856595
6380679356662
6411724266627
6462231545943
6544679822716
6596087242474
6680002631960
6732323396114
6764835473471
6817727381679
6904062216128
6957889145446
6991336253389
7045747843782
7100523385747
7134559382657
7189928060606
7280299363927
7336638963986
7371645892654
7428592538930
7521535372371
7579475646914
7615476213599
7674037691088
7732985827295
7769612023967
7829190236871
7926421370565
7987030802260
8024688227644
8085942297240
8185904203148
8248213256617
8349894181929
8413273112750
8452649616411
8516697283650
8621211064846
8686353043708
8726823869187
8792649814862
8858901415890
8900060969373
8967006080153
9076240649435
9144320497094
9186614797819
9255403808309
9367642483668
9437591771908
9551720729705
9622846295772
9667030940398
9738891558321
9856134290579
9929197425819
9974584598398
10048399137190
